/*--------------------------------*- C++ -*----------------------------------*\
| =========                 |                                                 |
| \\      /  F ield         | OpenFOAM: The Open Source CFD Toolbox           |
|  \\    /   O peration     | Version:  v2012                                 |
|   \\  /    A nd           | Website:  www.openfoam.com                      |
|    \\/     M anipulation  |                                                 |
\*---------------------------------------------------------------------------*/
FoamFile
{
    version     2.0;
    format      ascii;
    class       faceSet;
    location    "constant/polyMesh/sets";
    object      nonOrthoFaces;
}
// * * * * * * * * * * * * * * * * * * * * * * * * * * * * * * * * * * * * * //


225
(
86025
83989
86038
83995
104489
26674
81986
100435
84052
82006
108643
90219
108654
26734
108656
26764
80016
41104
88215
41119
77985
94381
77997
41134
84163
26824
41164
84187
61659
108785
82170
100604
96543
100642
84263
88360
100661
96574
92496
24924
88416
100713
104810
12664
104828
24969
100749
104850
24999
100787
100814
88533
104932
98797
12784
78333
16909
80413
80419
80435
92729
86606
92796
10879
92810
109203
10909
25269
58039
103102
8899
25284
99043
25329
88831
25344
78595
88839
8969
78631
105277
105279
25409
99138
9029
82763
80734
17264
109434
80767
101262
86927
9109
27549
88990
68519
84904
82868
68539
105417
101338
101340
107494
107496
95245
42004
97319
97321
44114
91222
44124
78953
109678
89198
44144
99485
101549
101552
44214
97473
87244
5324
105694
5344
97506
95465
109815
44284
83197
105732
5384
101641
42249
101653
25884
5404
101674
87342
25904
5424
27974
101706
107861
25944
25964
83311
81271
81272
89468
87420
97675
26004
97702
40359
105900
103856
60854
79287
81356
83406
26064
95704
79322
60894
42484
95766
93733
91686
99882
93751
93753
104010
99927
13914
99933
81501
83552
99940
91751
99944
91753
85612
104059
95868
85646
83610
83627
108209
26304
106191
77533
77536
95991
102141
100113
77585
83744
79660
104247
96058
106312
42824
16214
94043
102240
106340
16234
81790
16254
77708
61324
89997
42894
83858
100248
83867
85923
83877
85926
83878
16294
90028
83907
96214
96215
)


// ************************************************************************* //
