/*--------------------------------*- C++ -*----------------------------------*\
| =========                 |                                                 |
| \\      /  F ield         | OpenFOAM: The Open Source CFD Toolbox           |
|  \\    /   O peration     | Version:  v2012                                 |
|   \\  /    A nd           | Website:  www.openfoam.com                      |
|    \\/     M anipulation  |                                                 |
\*---------------------------------------------------------------------------*/
FoamFile
{
    version     2.0;
    format      ascii;
    class       faceSet;
    location    "constant/polyMesh/sets";
    object      skewFaces;
}
// * * * * * * * * * * * * * * * * * * * * * * * * * * * * * * * * * * * * * //


434
(
24668
24672
24676
24680
24683
24688
24692
24696
57468
24700
57472
57476
57480
57483
57488
57492
57496
57500
57503
57508
51495
51498
51501
51508
51512
51516
51520
51523
12628
12632
51548
51552
51556
12648
12652
12656
12660
12663
12668
12672
12676
12680
57738
12683
57742
12688
57746
12692
12696
12700
57758
12703
12708
12712
12716
12720
12723
12728
57788
12732
57792
12736
57796
12740
12743
57800
57803
12748
12752
12756
12760
57818
12763
57822
12768
57826
12772
57830
12776
57833
12780
12783
12788
57848
12792
57852
12796
57856
12800
57860
57863
57878
57882
57886
57890
57893
8953
8957
8973
8977
8981
8985
8988
8993
8997
9001
9005
9008
9013
9017
9021
9025
9028
9033
9037
9041
9045
9048
9053
9057
9061
54163
25503
54183
54187
54191
54195
25523
54198
25527
54203
25531
54207
25535
25538
54211
25543
25547
25551
25555
25558
64508
64512
64516
64520
64523
64528
64532
64536
64540
64543
5268
9367
5272
9371
5276
9375
5280
5283
9383
5288
9387
5292
9391
5296
9395
5300
9398
5303
5308
5312
5316
9413
5320
9417
40138
5323
9421
25808
5328
9425
9428
5332
5336
5340
40158
5343
40162
9443
25828
5348
40166
9447
25832
5352
40170
9451
5356
40173
9455
5360
40178
9458
5363
40182
5368
5372
5376
9473
25858
5380
9477
25862
5383
9481
25866
5388
9485
25870
9488
5392
5396
5400
5403
9503
25888
5408
9507
25892
5412
9511
25896
5416
9515
25900
5420
9518
25903
5423
5428
5432
5436
25918
5440
25922
25926
25930
25933
25948
25952
25956
25960
25963
25978
25982
25986
25990
25993
26008
26012
26016
26020
26023
26038
26042
26046
50623
26050
50627
26053
50631
50635
50638
50643
26068
50647
26072
50651
26076
50655
26080
50658
26083
26098
26102
26106
26110
26113
26128
26132
26136
26140
26143
26158
26162
26166
26170
26173
26188
26192
26196
26200
26203
26218
26222
26226
26230
26233
26248
26252
26256
26260
26263
26278
26282
26286
26290
26293
26308
26312
26316
26320
26323
50903
50907
50911
26338
50915
50918
26342
26346
50923
40683
26350
50927
40687
26353
50931
40691
50935
40695
40698
50943
40703
26368
50947
40707
26372
40711
26376
40715
26380
40718
26383
40723
40727
40731
26398
26402
26406
40743
26410
40747
26413
40751
40755
16198
61258
61262
61266
61270
61273
16218
61278
16222
61282
16226
61286
16230
61290
61293
16238
16242
16246
16250
61308
16253
61312
16258
61316
16262
61320
16266
61323
16270
16273
16278
61338
16282
61342
16286
61346
16290
61350
61353
16298
16302
16306
16310
61368
61372
16318
61376
16322
61380
16326
61383
16330
16333
16338
61398
16342
61402
16346
61406
16350
16353
61410
61413
16358
16362
16366
16370
16373
)


// ************************************************************************* //
